5.386470496852582552e-08
